{
 "cells": [
  {
   "cell_type": "code",
   "execution_count": 1,
   "id": "4be7ba06",
   "metadata": {},
   "outputs": [],
   "source": [
    "import pickle\n",
    "\n",
    "file_batch = r\"D:\\AI\\hamer\\hamer\\demo_out\\batch_test1.pkl\"\n",
    "with open(file_batch, 'rb') as f:\n",
    "    hbatch = pickle.load(f)\n"
   ]
  },
  {
   "cell_type": "code",
   "execution_count": 2,
   "id": "3aaffbcf",
   "metadata": {},
   "outputs": [],
   "source": [
    "file_result = r\"D:\\AI\\hamer\\hamer\\demo_out\\result_test1.pkl\"\n",
    "with open(file_result, 'rb') as f:\n",
    "    hres = pickle.load(f)"
   ]
  },
  {
   "cell_type": "code",
   "execution_count": 3,
   "id": "9ed10b24",
   "metadata": {},
   "outputs": [
    {
     "data": {
      "text/plain": [
       "dict_keys(['img', 'personid', 'box_center', 'box_size', 'img_size', 'right'])"
      ]
     },
     "execution_count": 3,
     "metadata": {},
     "output_type": "execute_result"
    }
   ],
   "source": [
    "hbatch.keys()"
   ]
  },
  {
   "cell_type": "code",
   "execution_count": 7,
   "id": "60d761e9",
   "metadata": {},
   "outputs": [
    {
     "data": {
      "text/plain": [
       "array([0, 1, 2, 3], dtype=int64)"
      ]
     },
     "execution_count": 7,
     "metadata": {},
     "output_type": "execute_result"
    }
   ],
   "source": [
    "hbatch['personid']"
   ]
  },
  {
   "cell_type": "code",
   "execution_count": 8,
   "id": "340f1611",
   "metadata": {},
   "outputs": [
    {
     "data": {
      "text/plain": [
       "array([0., 1., 0., 1.], dtype=float32)"
      ]
     },
     "execution_count": 8,
     "metadata": {},
     "output_type": "execute_result"
    }
   ],
   "source": [
    "hbatch['right']"
   ]
  },
  {
   "cell_type": "markdown",
   "id": "24b58aca",
   "metadata": {},
   "source": [
    "# checando dados do resultado"
   ]
  },
  {
   "cell_type": "code",
   "execution_count": 9,
   "id": "09716149",
   "metadata": {},
   "outputs": [
    {
     "data": {
      "text/plain": [
       "dict_keys(['pred_cam', 'global_orient', 'hand_pose', 'betas', 'pred_cam_t', 'focal_length', 'pred_keypoints_3d', 'pred_vertices', 'pred_keypoints_2d'])"
      ]
     },
     "execution_count": 9,
     "metadata": {},
     "output_type": "execute_result"
    }
   ],
   "source": [
    "hres.keys()"
   ]
  },
  {
   "cell_type": "code",
   "execution_count": 11,
   "id": "1035fd2a",
   "metadata": {},
   "outputs": [
    {
     "data": {
      "text/plain": [
       "(4, 1, 3, 3)"
      ]
     },
     "execution_count": 11,
     "metadata": {},
     "output_type": "execute_result"
    }
   ],
   "source": [
    "hres['global_orient'].shape"
   ]
  },
  {
   "cell_type": "code",
   "execution_count": 17,
   "id": "4662f929",
   "metadata": {},
   "outputs": [
    {
     "data": {
      "text/plain": [
       "(4, 15, 3, 3)"
      ]
     },
     "execution_count": 17,
     "metadata": {},
     "output_type": "execute_result"
    }
   ],
   "source": [
    "hres['hand_pose'].shape"
   ]
  },
  {
   "cell_type": "code",
   "execution_count": 18,
   "id": "2985805e",
   "metadata": {},
   "outputs": [
    {
     "data": {
      "text/plain": [
       "array([[[ 0.537477  , -0.6739677 , -0.5068392 ],\n",
       "        [ 0.6290164 ,  0.7207312 , -0.29135022],\n",
       "        [ 0.56165546, -0.16221613,  0.8113132 ]],\n",
       "\n",
       "       [[ 0.97977126, -0.1917925 ,  0.05713199],\n",
       "        [ 0.2000101 ,  0.9289702 , -0.3114648 ],\n",
       "        [ 0.00666269,  0.31659117,  0.9485388 ]],\n",
       "\n",
       "       [[ 0.89433473, -0.31027487,  0.3223274 ],\n",
       "        [ 0.22340602,  0.9339067 ,  0.27912015],\n",
       "        [-0.3876277 , -0.17761698,  0.90454245]],\n",
       "\n",
       "       [[ 0.52201843, -0.8057062 , -0.2798826 ],\n",
       "        [ 0.81624156,  0.5671108 , -0.11015902],\n",
       "        [ 0.24748027, -0.17094679,  0.95369315]],\n",
       "\n",
       "       [[ 0.9860877 ,  0.07859828, -0.14646937],\n",
       "        [-0.04934491,  0.97984034,  0.19359252],\n",
       "        [ 0.15873262, -0.1836717 ,  0.97008693]],\n",
       "\n",
       "       [[ 0.9207296 , -0.36941314,  0.12566228],\n",
       "        [ 0.37329504,  0.92767805, -0.0080161 ],\n",
       "        [-0.1136129 ,  0.05428977,  0.9920407 ]],\n",
       "\n",
       "       [[ 0.86167383, -0.3723288 ,  0.34480345],\n",
       "        [ 0.35279906,  0.9279274 ,  0.12034775],\n",
       "        [-0.3647615 ,  0.01794584,  0.930928  ]],\n",
       "\n",
       "       [[ 0.9519274 , -0.18106078, -0.24708536],\n",
       "        [ 0.23310062,  0.9514938 ,  0.20080782],\n",
       "        [ 0.19874173, -0.24875022,  0.9479584 ]],\n",
       "\n",
       "       [[ 0.9783225 , -0.18695816, -0.08905978],\n",
       "        [ 0.19154608,  0.65349203,  0.7322966 ],\n",
       "        [-0.07870898, -0.7334813 ,  0.67513704]],\n",
       "\n",
       "       [[ 0.7121761 , -0.7019341 , -0.00968054],\n",
       "        [ 0.69030684,  0.70275253, -0.1720911 ],\n",
       "        [ 0.12759963,  0.11587662,  0.98503345]],\n",
       "\n",
       "       [[ 0.991931  ,  0.03492715, -0.12187245],\n",
       "        [ 0.01838583,  0.9115081 ,  0.4108711 ],\n",
       "        [ 0.12543827, -0.4097965 ,  0.903511  ]],\n",
       "\n",
       "       [[ 0.8590535 , -0.5111488 ,  0.02745685],\n",
       "        [ 0.4826378 ,  0.82667476,  0.28925705],\n",
       "        [-0.17055129, -0.23523559,  0.95685756]],\n",
       "\n",
       "       [[ 0.5441366 ,  0.1628515 , -0.82304   ],\n",
       "        [-0.76735437,  0.49324775, -0.40972424],\n",
       "        [ 0.3392385 ,  0.85450923,  0.39335895]],\n",
       "\n",
       "       [[ 0.73197484, -0.6457093 , -0.21742223],\n",
       "        [ 0.6790509 ,  0.6652932 ,  0.31028196],\n",
       "        [-0.0557024 , -0.37475932,  0.92544734]],\n",
       "\n",
       "       [[ 0.84126896, -0.48869786, -0.23117322],\n",
       "        [ 0.2578723 ,  0.7385732 , -0.62290585],\n",
       "        [ 0.475151  ,  0.4644181 ,  0.74736035]]], dtype=float32)"
      ]
     },
     "execution_count": 18,
     "metadata": {},
     "output_type": "execute_result"
    }
   ],
   "source": [
    "hres['hand_pose'][0]"
   ]
  }
 ],
 "metadata": {
  "kernelspec": {
   "display_name": "hamer",
   "language": "python",
   "name": "python3"
  },
  "language_info": {
   "codemirror_mode": {
    "name": "ipython",
    "version": 3
   },
   "file_extension": ".py",
   "mimetype": "text/x-python",
   "name": "python",
   "nbconvert_exporter": "python",
   "pygments_lexer": "ipython3",
   "version": "3.10.19"
  }
 },
 "nbformat": 4,
 "nbformat_minor": 5
}
